RMSE: 152.70647373623032
MAE: 146.99114139693356
